# Created by Octave 5.1.0, Sun Nov 17 12:17:59 2019 GMT <unknown@DESKTOP-0S5SI9N>
# name: c
# type: scalar
3


# name: x
# type: scalar
3


